   headroom |      Freq.     Percent        Cum.
------------+-----------------------------------
        1.5 |          4        5.41        5.41
          2 |         13       17.57       22.97
        2.5 |         14       18.92       41.89
          3 |         13       17.57       59.46
        3.5 |         15       20.27       79.73
          4 |         10       13.51       93.24
        4.5 |          4        5.41       98.65
          5 |          1        1.35      100.00
------------+-----------------------------------
      Total |         74      100.00